timestamp: 2025-12-08T00:26:59.201580+00:00
python: 3.12.10
platform: Windows-11-10.0.26100-SP0
